PS C:\Users\USER\Desktop\chubb training\Angular> node tasks.js
---------------------------------
chunk
[
  1, 2, 3, 3, 2,
  1, 5, 3, 8, 4,
  5
]
---------------------------------
[ [ 1, 2, 3 ], [ 3, 2, 1 ], [ 5, 3, 8 ], [ 4, 5 ] ]
---------------------------------
pull
[
  1, 2, 3, 3, 2,
  1, 5, 3, 8, 4,
  5
]
---------------------------------
[
  1, 2, 2, 1,
  5, 8, 5
]
---------------------------------
diff
[
  1, 2, 2, 1,
  5, 8, 5
]
---------------------------------
[ 8 ]
---------------------------------
take
[
  1, 2, 2, 1,
  5, 8, 5
]
---------------------------------
[ 1, 2, 2, 1 ]
---------------------------------
filter
[
  1, 2, 2, 1,
  5, 8, 5
]
---------------------------------
[ 1, 1, 5, 5 ]
---------------------------------
find
[
  1, 2, 2, 1,
  5, 8, 5
]
---------------------------------
1
---------------------------------
sum
[
  1, 2, 2, 1,
  5, 8, 5
]
---------------------------------
24
---------------------------------
reduce
[
  1, 2, 2, 1,
  5, 8, 5
]
---------------------------------
12